79,5
79,4
79,3
79,2
79,1
79,0
78,4
78,3
78,2
78,1
78,0
77,5
77,4
77,3
77,2
77,1
77,0
76,6
76,5
76,4
76,3
76,2
76,1
76,0
75,4
75,3
75,2
75,1
75,0
74,6
74,5
74,4
74,3
74,2
74,1
74,0
73,6
73,5
73,4
73,3
73,2
73,1
73,0
72,4
72,3
72,2
72,1
72,0
71,7
71,6
71,5
71,4
71,3
71,2
71,1
71,0
70,3
70,2
70,1
70,0
2,10
69,5
69,4
69,3
69,2
69,1
69,0
68,5
68,4
68,3
68,2
68,1
68,0
67,7
67,6
67,5
67,4
67,3
67,2
67,1
67,0
66,4
66,3
66,2
66,1
66,0
65,9
65,8
65,7
65,6
65,5
65,4
65,3
65,2
65,1
65,0
64,6
64,5
64,4
64,3
64,2
64,1
64,0
63,4
63,3
63,2
63,1
63,0
62,8
62,7
62,6
62,5
62,4
62,3
62,2
62,1
62,0
61,5
61,4
61,3
61,2
61,1
61,0
60,5
60,4
60,3
60,2
60,1
60,0
59,4
59,3
59,2
59,1
59,0
58,4
58,3
58,2
58,1
58,0
2,9
57,5
57,4
57,3
57,2
57,1
57,0
56,5
56,4
56,3
56,2
56,1
56,0
55,7
55,6
55,5
55,4
55,3
55,2
55,1
55,0
54,8
54,7
54,6
54,5
54,4
54,3
54,2
54,1
54,0
53,6
53,5
53,4
53,3
53,2
53,1
53,0
52,5
52,4
52,3
52,2
52,1
52,0
0,447
51,5
51,4
51,3
51,2
51,1
51,0
50,5
50,4
50,3
50,2
50,1
50,0
0,446
49,5
49,4
49,3
49,2
49,1
49,0
0,445
2,8
48,5
48,4
48,3
48,2
48,1
48,0
0,444
47,4
47,3
47,2
47,1
47,0
46,5
46,4
46,3
46,2
46,1
46,0
45,4
45,3
45,2
45,1
45,0
44,5
44,4
44,3
44,2
44,1
44,0
43,5
43,4
43,3
43,2
43,1
43,0
42,5
42,4
42,3
42,2
42,1
42,0
41,4
41,3
41,2
41,1
41,0
40,5
40,4
40,3
40,2
40,1
40,0
39,4
39,3
39,2
39,1
39,0
38,5
38,4
38,3
38,2
38,1
38,0
0,443
0,442
0,441
37,6
37,5
37,4
37,3
37,2
0,440
37,1
37,0
2,7
0,439
36,5
36,4
36,3
36,2
36,1
36,0
35,3
35,2
0,438
35,1
35,0
34,5
34,4
34,3
34,2
0,437
34,1
34,0
0,436
33,5
33,4
33,3
33,2
33,1
33,0
32,5
32,4
32,3
32,2
32,1
32,0
31,10
31,9
31,8
31,7
31,6
0,435
31,5
31,4
31,3
31,2
31,1
31,0
30,3
30,2
30,1
30,0
0,434
29,49
29,48
29,43
29,47
29,46
29,45
29,40
29,44
0,433
29,37
29,42
29,41
29,34
29,39
0,432
29,38
29,32
29,36
29,35
29,29
29,33
29,27
0,431
29,31
29,30
29,23
29,28
29,21
29,26
0,430
29,25
29,24
29,17
29,22
29,16
29,20
0,429
29,19
29,18
29,14
29,11
29,15
29,13
29,4
0,428
29,12
29,10
29,5
29,9
29,8
29,7
29,6
29,3
29,2
0,427
0,426
29,1
29,0
28,27
28,26
0,425
28,25
28,16
28,24
28,23
28,15
28,22
28,21
28,20
28,14
28,19
28,18
28,17
0,424
28,13
28,5
28,4
28,12
28,11
28,10
28,9
28,8
28,7
28,6
0,423
0,422
0,421
28,3
28,2
0,420
28,1
28,0
27,25
27,24
27,23
27,22
27,10
27,21
27,20
27,4
27,19
27,18
27,17
27,16
27,15
27,14
27,13
27,12
27,11
0,419
0,418
0,417
27,9
27,8
27,7
27,6
27,5
27,3
27,2
0,416
27,1
27,0
0,415
0,414
0,413
26,4
26,3
26,2
0,412
26,1
26,0
0,411
0,410
0,409
25,3
25,2
0,408
25,1
25,0
2,6
0,407
0,406
24,6
24,5
24,4
24,3
24,2
0,405
24,1
24,0
0,404
0,403
0,402
23,4
23,3
23,2
0,401
23,1
23,0
0,400
0,399
0,398
22,7
22,6
22,5
22,4
22,3
22,2
0,397
22,1
22,0
0,396
0,395
0,394
21,4
21,3
21,2
0,393
21,1
21,0
0,392
0,391
0,390
20,5
20,4
20,3
20,2
0,389
20,1
20,0
0,388
0,387
0,386
19,5
19,4
19,3
19,2
0,385
19,1
19,0
0,384
2,5
2,4
0,383
0,382
18,5
18,4
18,3
18,2
0,381
18,1
18,0
0,380
0,379
0,378
17,5
17,4
17,3
17,2
0,377
17,1
17,0
0,376
0,375
0,374
16,9
16,8
16,7
16,6
16,5
16,4
16,3
16,2
0,373
16,1
16,0
0,372
0,371
15,4
15,3
15,2
0,370
15,1
15,0
0,369
0,368
0,367
14,3
14,2
0,366
14,1
14,0
0,365
0,364
13,6
13,5
13,4
13,3
13,2
0,363
13,1
13,0
0,362
0,361
0,360
12,3
12,2
0,359
12,1
12,0
0,358
0,357
11,6
11,5
11,4
11,3
11,2
0,356
11,1
11,0
0,355
0,354
0,353
10,6
10,5
10,4
10,3
10,2
0,352
10,1
10,0
9,147
9,144
9,123
0,351
9,122
9,146
9,143
0,350
9,121
9,145
9,142
9,120
9,119
9,118
9,141
9,117
9,116
0,349
9,115
9,114
9,137
9,138
9,113
9,112
9,139
9,111
9,110
9,140
9,14
9,109
0,348
9,108
9,107
9,106
9,136
9,135
9,134
9,105
9,104
9,103
0,347
9,102
9,101
9,100
9,133
9,99
9,98
9,132
9,131
9,97
0,346
9,96
9,95
9,94
9,130
9,93
9,92
9,91
0,345
9,129
9,90
9,89
9,63
9,88
9,128
9,87
9,86
9,85
9,84
0,344
9,83
9,61
9,62
9,82
9,81
9,60
9,80
9,79
9,78
0,343
9,77
9,59
9,76
0,342
9,75
9,58
9,74
9,73
9,57
9,72
9,71
9,56
9,70
0,341
9,69
9,68
9,51
9,67
9,66
9,65
9,46
9,49
9,64
0,340
9,55
9,54
9,53
9,52
9,39
9,50
9,41
9,48
0,339
9,47
9,35
9,45
9,44
9,43
9,42
9,31
9,40
9,27
0,338
9,38
9,37
9,36
9,26
9,34
9,33
9,32
9,23
9,30
9,29
0,337
9,28
9,21
9,18
9,25
9,24
9,15
9,22
9,20
9,5
9,19
9,17
9,4
9,16
0,336
9,6
9,13
9,12
9,11
9,10
9,9
9,8
9,7
0,335
0,334
0,333
9,3
9,2
0,332
9,1
9,0
8,103
8,102
8,101
8,100
8,99
8,98
8,97
8,96
8,95
0,331
8,94
8,93
8,92
0,330
8,91
8,90
8,89
8,88
8,87
8,86
8,85
8,84
8,83
8,82
8,81
8,80
8,79
8,78
8,77
8,76
8,75
8,74
8,73
8,72
8,71
8,70
8,69
8,68
8,67
8,66
8,65
8,64
8,35
8,34
0,329
8,33
8,32
8,31
8,30
8,29
8,28
8,27
8,26
8,25
8,24
8,23
8,22
8,21
8,20
8,19
8,18
8,17
8,16
8,15
8,14
8,13
8,12
8,11
8,10
8,9
8,8
8,7
8,6
8,5
8,4
0,328
0,327
0,326
8,3
8,2
0,325
0,324
8,1
8,0
7,27
7,26
7,25
0,323
7,24
7,23
7,22
7,21
7,16
7,20
7,19
7,18
7,17
7,15
7,4
7,14
0,322
7,13
7,12
7,11
7,10
7,9
7,8
7,7
7,6
7,5
0,321
0,320
0,319
7,3
7,2
0,318
7,1
7,0
0,317
6,3
6,2
6,1
6,0
5,2
5,0
4,3
4,2
4,1
4,0
3,6
3,5
3,4
3,3
3,2
3,1
3,0
2,2
2,0
5,1
1,3
1,2
5,3
2,1
2,3
1,1
1,0
0,243
0,9
0,0
0,310
0,305
0,308
0,304
0,303
0,302
0,307
0,12
0,10
0,8
0,300
0,299
0,298
0,297
0,296
0,295
0,294
0,293
0,292
0,291
0,290
0,289
0,288
0,287
0,286
0,285
0,284
0,283
0,282
0,281
0,280
0,279
0,278
0,277
0,276
0,275
0,274
0,273
0,272
0,271
0,270
0,269
0,268
0,267
0,266
0,265
0,264
0,263
0,262
0,261
0,260
0,259
0,258
0,257
0,256
0,255
0,254
0,253
0,252
0,251
0,250
0,249
0,248
0,247
0,246
0,245
0,244
0,242
0,241
0,240
0,239
0,238
0,237
0,236
0,235
0,234
0,233
0,232
0,231
0,230
0,229
0,228
0,227
0,226
0,225
0,224
0,223
0,222
0,221
0,220
0,219
0,218
0,217
0,216
0,215
0,214
0,213
0,212
0,211
0,210
0,209
0,208
0,207
0,206
0,205
0,204
0,203
0,202
0,201
0,200
0,199
0,198
0,197
0,196
0,195
0,194
0,193
0,192
0,63
0,62
0,61
0,60
0,59
0,58
0,57
0,56
0,55
0,54
0,53
0,316
0,52
0,315
0,51
0,314
0,50
0,313
0,49
0,312
0,48
0,311
0,47
0,309
0,46
0,306
0,45
0,301
0,6
0,5
0,1
0,11
0,4
0,2
0,3
0,7
